1000
1007
1010
1017
1037
1041
1048
1074
1084
1090
1097
1112
1120
1123
1124
1125
1127
1132
1138
1145
1152
1165
1178
1179
1182
1193
1197
1199
1201
1208
1213
1224
1232
1233
1239
1246
1261
1267
1273
1276
1281
1284
1293
1339
1345
1349
1350
1357
1360
1365
1378
1386
1400
1404
1407
1410
1412
1413
1419
1420
1426
1439
1443
1447
1458
1460
1486
1491
1492
1496
1513
1520
1531
1536
1537
1544
1550
1558
1566
1567
1573
1577
1586
1595
1599
1621
1641
1648
1655
1664
1688
1691
1695
1697
1722
1730
1754
1784
1791
1798
1803
1806
1808
1814
1823
1825
1830
1833
1853
1854
1863
1869
1872
1880
1919
1933
1941
1944
1965
1973
1978
1982
1993
2001
2002
2004
2008
2009
2010
2022
2027
2043
2046
2060
2064
2068
2070
2079
2092
2098
2121
2127
2134
2136
2138
2139
2145
2155
2159
2170
2174
2178
2180
2184
2189
2192
2196
2205
2217
2230
2235
2241
2254
2271
2279
2300
2307
2322
2327
2335
2351
2353
2355
2384
2393
2394
2401
2422
2423
2426
2436
2447
2453
2459
2491
2493
2498
2516
2523
2533
2536
2539
2543
2545
2547
2552
2564
2565
2576
2582
2591
2601
2611
2614
2615
2624
2625
2641
2663
2676
2678
2690
2701
2707
2715
2719
2725
2728
2736
2744
2753
2756
2760
2765
2768
2772
2774
2779
2792
2797
2826
2830
2843
2846
2849
2852
2857
2862
2873
2877
2879
2886
2893
2905
2918
2929
2930
2937
2944
2948
2951
2958
2960
2974
2979
2982
2996
3000
3011
3025
3027
3032
3039
3042
3092
3109
3125
3127
3149
3153
3154
3157
3165
3176
3177
3182
3201
3202
3207
3210
3214
3215
3216
3221
3225
3227
3228
3236
3237
3239
3241
3245
3261
3268
3276
3286
3302
3318
3326
3339
3342
3347
3368
3376
3399
3400
3411
3412
3415
3428
3430
3434
3446
3453
3459
3461
3470
3480
3483
3504
3516
3520
3525
3535
3539
3544
3552
3563
3573
3575
3576
3578
3582
3586
3598
3611
3618
3625
3639
3641
3650
3658
3660
3661
3667
3669
3690
3692
3694
3696
3701
3733
3744
3756
3759
3764
3774
3780
3782
3798
3806
3810
3820
3824
3830
3832
3838
3840
3842
3851
3853
3860
3865
3873
3880
3887
3888
3903
3906
3909
3920
3932
3935
3948
3950
3951
3952
3955
3963
3971
3986
3988
3995
4000
4003
4017
4029
4030
4046
4047
4062
4071
4080
4085
4094
4102
4131
4136
4143
4148
4150
4172
4192
4218
4220
4251
4256
4259
4260
4270
4274
4275
4280
4287
4289
4295
4301
4303
4314
4321
4322
4323
4341
4342
4344
4345
4351
4352
4355
4362
4364
4365
4367
4368
4389
4399
4411
4440
4444
4476
4496
4501
4509
4515
4517
4525
4526
4544
4549
4558
4563
4571
4573
4576
4579
4587
4588
4594
4597
4602
4603
4606
4610
4619
4623
4631
4633
4642
4645
4682
4687
4692
4705
4709
4713
4721
4724
4732
4733
4750
4764
4766
4784
4791
4792
4815
4822
4826
4829
4849
4852
4868
4869
4882
4883
4901
4902
4904
4906
4910
4917
4939
4942
4944
4949
4952
4956
4962
4979
4984
4985
5005
5008
5019
5020
5022
5034
5041
5050
5051
5058
5061
5065
5077
5084
5104
5106
5116
5119
5130
5134
5140
5143
5152
5187
5188
5190
5209
5214
5216
5220
5227
5236
5245
5257
5258
5268
5269
5281
5285
5292
5304
5317
5321
5326
5334
5339
5366
5368
5371
5384
5388
5390
5393
5397
5398
5403
5408
5409
5410
5414
5425
5427
5435
5457
5462
5468
5472
5485
5506
5510
5522
5530
5536
5537
5546
5548
5550
5573
5577
5581
5592
5609
5611
5618
5628
5632
5667
5669
5680
5686
5700
5702
5709
5714
5718
5719
5733
5749
5759
5760
5766
5768
5769
5770
5773
5803
5811
5813
5817
5820
5822
5833
5839
5843
5845
5857
5867
5876
5884
5895
5897
5910
5918
5960
5963
5965
5976
5991
6008
6010
6041
6054
6056
6063
6072
6081
6104
6138
6141
6153
6158
6172
6176
6201
6213
6214
6232
6241
6243
6253
6272
6274
6281
6283
6289
6295
6305
6317
6319
6332
6338
6368
6380
6385
6394
6406
6409
6410
6413
6414
6424
6426
6429
6431
6435
6439
6454
6468
6480
6481
6482
6491
6492
6493
6502
6520
6536
6547
6549
6564
6568
6625
6631
6640
6642
6644
6654
6661
6662
6666
6682
6687
6698
6706
6717
6722
6743
6752
6778
6783
6810
6812
6816
6828
6850
6859
6860
6864
6869
6873
6882
6889
6890
6892
6894
6913
6935
6936
6955
6963
6979
6985
6989
6995
7015
7034
7049
7053
7062
7071
7088
7093
7099
7147
7193
7196
7207
7215
7238
7245
7248
7254
7276
7280
7287
7288
7295
7298
7330
7341
7354
7372
7381
7393
7403
7414
7415
7420
7433
7447
7464
7476
7501
7518
7522
7532
7536
7542
7579
7592
7616
7617
7619
7655
7665
7671
7672
7689
7698
7704
7705
7712
7719
7733
7738
7742
7758
7786
7801
7807
7808
7814
7837
7841
7851
7884
7885
7913
7922
7923
7932
7937
7944
7945
7947
7952
7979
7983
7996
8036
8053
8055
8065
8083
8085
8104
8108
8152
8155
8180
8186
8200
8203
8210
8212
8216
8223
8230
8256
8262
8270
8280
8299
8334
8343
8351
8352
8361
8369
8396
8403
8480
8482
8493
8503
8510
8511
8515
8520
8522
8529
8537
8538
8552
8555
8559
8568
8630
8665
8668
8678
8680
8694
8712
8719
8720
8725
8730
8736
8740
8751
8752
8760
8765
8776
8782
8792
8819
8820
8822
8833
8853
8863
8869
8881
8889
8926
8944
8948
8950
8956
8965
8970
8974
9000
9005
9009
9010
9013
9028
9051
9077
9080
9096
9104
9116
9178
9215
9221
9232
9240
9245
9251
9253
9273
9288
9300
9304
9344
9356
9357
9361
9379
9429
9430
9442
9457
9461
9476
9478
9479
9489
9503
9504
9507
9519
9526
9527
9528
9536
9552
9566
9567
9580
9612
9614
9618
9656
9706
9725
9732
9767
9768
9770
9808
9828
9840
9851
9852
9897
9899
9909
9938
9957
9963
9977
9993
9994
10000
