   -1     3    -1    -6   -11    -7   -12   -10    -3     2    -2   -12   -26   -23 
   -9     2     9     4    -7   -10   -11     1    -1     8    -1    -3   -17   -16 
   -8    -1     5    10     9     4     3    -1     2     4     4     1    -5    -7 
   -1     1     3     9    15    13     7     8    -1     0    -3    -1    -5    -2 
    7     8    11     6     7     4     7     2     2    -2     6    -1    -4    -7 
    4    17     9     5     0    -2    -7    -6     4     6     4    -2    -4    -3 
    5     6     7    -4    -6   -12    -4     0     7     4     6    -2     7     8 
   -4     5    -1    -4    -5    -4     1     5     8    12    13    13    17    10 
   -1    -1     4     3     5     2     5     4    13    14    13     4     4     3 
    2     3     0    -2     1     7    14     9    13    13     0   -12   -11    -8 
   -4     2     2    -4     3     8    15     8    12    11     7    -3    -8   -12 
   -5     2     7     5     5     0     2     5    13     9    10     8    -3    -4 
   -5     2     4     5    -3     0     2     4    14    13     5     2    -1     0 
   -5     1     4    -4    -3     3     9     5    17    13    13     0    -2    -1 
