    2    -3     2    -5    -7     4    -2    -1    -6    -4     1     3    -1    -6    -4    -8 
    4     0     2     3    -9    -1    -2    -2    -9     4    -5     5   -10    -8   -10     0 
   -7    -7    -2    10    -1     0   -10    -6     8    -2     3     1    -5    -1    -9    -6 
   -6    -3     6    -6     5     4    -2     7    -9     2    -2    10    -2     6    -6     3 
    1    -6     2    -4     4     8     8    -5    10    -3     1    -6    -4    -5     4    -6 
    6     6    -3    10    -4    -1    -2     4     3    -1    -8     9     3    -4    -2     0 
   -8    -1    10     1     2     0     8    -9    -6     4     7    -4     6    -9     1     4 
   -4     9    -5     5     0    -6    -7    -5     4    -2     1    -3    -3    -5    10    -6 
   -3    -5     9    -9     0    -8     3     4     2     2     6     1    10     7     4     5 
   -9     7    -9     3    10     1    -1     0    -9     8     2     6     5    -3     2     0 
   -5    10     0    -4     3   -10     8     6     5     2     9    -8    -9    -9     4    -6 
    3   -10     1     3    -6    -4    10    -3     6    -5     5     6    -4     2    -6   -10 
    3     1    -5    10    -1     4     6    -9     8     7    -3     8     2     1    -6     5 
  -10     5    -7     6     3   -10     1    -4    -6     5     5    -7     3     1    -4     9 
    8    -7    -3     8    -9    -1     8    10    -2     9     9    -3     6    -9    -2     1 
   -7     5     5    -7     8    -2    -7    -8    10   -10    10    -2    10    -4     4     7 
