    0     3     0     0     0     0     0     0     0     2     0     0     0     0 
    0     2     9     4     0     0     0     1     0     8     0     0     0     0 
    0     0     5    10     9     4     3     0     2     4     4     1     0     0 
    0     1     3     9    15    13     7     8     0     0     0     0     0     0 
    7     8    11     6     7     4     7     2     2     0     6     0     0     0 
    4    17     9     5     0     0     0     0     4     6     4     0     0     0 
    5     6     7     0     0     0     0     0     7     4     6     0     7     8 
    0     5     0     0     0     0     1     5     8    12    13    13    17    10 
    0     0     4     3     5     2     5     4    13    14    13     4     4     3 
    2     3     0     0     1     7    14     9    13    13     0     0     0     0 
    0     2     2     0     3     8    15     8    12    11     7     0     0     0 
    0     2     7     5     5     0     2     5    13     9    10     8     0     0 
    0     2     4     5     0     0     2     4    14    13     5     2     0     0 
    0     1     4     0     0     3     9     5    17    13    13     0     0     0 
